BUSES REPORT
============================================================================================================================= 
   BUS    V (pu)     θ (º)     P (MW)     Q (MVAr)      PG (MW)    QG (MVAr)    PD (MW)   QD (MVAr)     Psh (MW)   Qsh (MVAr) 
----------------------------------------------------------------------------------------------------------------------------- 
    1    1.1000     -0.00      143.08       55.32      143.08       55.32        0.00        0.00        0.00        0.00
    2    1.1000      6.65      198.25       35.52      198.25       35.52        0.00        0.00        0.00        0.00
    3    1.1000      4.00      138.91       12.74      138.91       12.74        0.00        0.00        0.00        0.00
    4    1.0736     -4.00        0.00        0.00        0.00        0.00        0.00        0.00        0.00        0.00
    5    1.0294     -7.58     -187.50      -75.00        0.00        0.00      187.50       75.00        0.00        0.00
    6    1.0527     -6.50     -135.00      -45.00        0.00        0.00      135.00       45.00        0.00        0.00
    7    1.0857      0.69        0.00        0.00        0.00        0.00        0.00        0.00        0.00        0.00
    8    1.0688     -2.56     -150.00      -52.50        0.00        0.00      150.00       52.50        0.00        0.00
    9    1.0957      0.13        0.00        0.00        0.00        0.00        0.00        0.00        0.00        0.00
----------------------------------------------------------------------------------------------------------------------------- 
 TOTAL:                                                 480.24      103.58      472.50      172.50       0.00         0.00
============================================================================================================================= 

