CIRCUITS REPORT
=============================================================================================================================================== 
  CIRC    FROM    TO      Pik (MW)  Qik (MVAr)   Sik (MVA)   Pki (MW)  Qki (MVAr)    Ski (MVA)  Cap (MVA)    Loading    Ploss (MW)  Qloss (MVAr)
----------------------------------------------------------------------------------------------------------------------------------------------- 
    1      1      4      143.08       55.32      153.41     -143.08     -44.12       149.73   250.0000       0.6136        0.000       11.203
    2      2      7      198.25       35.52      201.41     -198.25     -14.56       198.78   250.0000       0.8056        0.000       20.953
    3      3      9      138.91       12.74      139.49     -138.91      -3.32       138.95   300.0000       0.4650        0.000        9.423
    4      4      5       86.80       38.02       94.76      -85.95     -50.23        99.55   250.0000       0.3982        0.855      -12.203
    5      4      6       56.28        6.09       56.61      -55.78     -21.24        59.69   250.0000       0.2388        0.501      -15.149
    6      5      7     -101.55      -24.77      104.53      104.69       6.30       104.88   250.0000       0.4195        3.136      -18.468
    7      6      9      -79.22      -23.76       82.70       81.43      -7.92        81.82   150.0000       0.5514        2.214      -31.677
    8      7      8       93.56        8.26       93.92      -92.91     -20.03        95.04   250.0000       0.3802        0.652      -11.767
    9      8      9      -57.09      -32.47       65.68       57.48      11.24        58.56   150.0000       0.4379        0.384      -21.235
----------------------------------------------------------------------------------------------------------------------------------------------- 
 TOTAL:                                                                                                                     7.742      -68.920
=============================================================================================================================================== 
